[{"image_id": "c07d4ae8330542a09cf8f8dddb9728ce", "pose": [-0.985207, -0.0101267, 0.171069, 0.656519, -0.171094, 0.00168538, -0.985253, -5.08928, 0.00968898, -0.999947, -0.00339301, 1.57611, 0, 0, 0, 1], "included": true, "visible": [true, false, true, false, false, true, false, true, false, false, false, false, false, false, true, false, true, false, false, true], "unobstructed": [false, false, false, false, false, false], "height": 1.575276915205382}, {"image_id": "2393bffb53fe4205bcc67796c6fb76e3", "pose": [-0.241654, 0.00228344, -0.97036, 3.33582, 0.970294, 0.0124463, -0.241608, -5.90025, 0.0115256, -0.99992, -0.00522325, 1.57791, 0, 0, 0, 1], "included": true, "visible": [false, false, true, false, false, true, true, false, false, false, false, false, false, false, true, false, true, false, false, false], "unobstructed": [true, false, false, false, false], "height": 1.5730354249357412}, {"image_id": "423efb97f77f4e7995f19c66fe82afbc", "pose": [0.958879, 0.00141119, 0.283813, 5.51819, -0.283808, 0.0124035, 0.958801, -5.67527, -0.00216725, -0.999922, 0.012294, 1.58856, 0, 0, 0, 1], "included": true, "visible": [false, false, true, false, false, false, true, true, false, false, false, false, false, false, false, false, true, false, false, false], "unobstructed": [false, true, false, false, false], "height": 1.5784339701720043}, {"image_id": "aeed67040d744240b188f66f17d87d43", "pose": [0.132175, 0.0257204, 0.990893, 7.67989, -0.991226, 0.00381825, 0.132121, -5.81072, -0.000385302, -0.999662, 0.0259995, 2.29866, 0, 0, 0, 1], "included": true, "visible": [false, false, true, false, false, false, true, true, false, false, true, false, false, false, true, false, false, false, false, false], "unobstructed": [false, false, true, false, false], "height": 1.6026680667792301}, {"image_id": "9bdde31adaa1443bb206b09bfa3c474c", "pose": [0.799844, 0.0047414, 0.60019, 8.67581, -0.600208, 0.0075118, 0.799809, -4.8108, -0.000716311, -0.99996, 0.00885413, 2.82261, 0, 0, 0, 1], "included": true, "visible": [false, false, false, true, false, false, false, false, false, false, false, false, false, true, false, false, true, true, false, false], "unobstructed": [false, false, false, true, false], "height": 1.58264400638767}, {"image_id": "8c7e8da7d4a44ab695e6b3195eac0cf1", "pose": [0.709879, 0.011247, 0.704234, 8.62929, -0.70424, -0.00407304, 0.70995, -1.77115, 0.0108531, -0.999928, 0.00502926, 4.38556, 0, 0, 0, 1], "included": true, "visible": [false, true, false, false, false, false, false, false, false, false, true, false, true, true, false, false, false, true, true, false], "unobstructed": [false, false, false, false, true], "height": 1.585645804390483}]