[{"image_id": "2b519d8eee9c4abb88444a397e87cd6f", "pose": [0.990409, 0.0162644, 0.137213, 3.60601, -0.136638, -0.0323524, 0.990093, -4.20889, 0.0205421, -0.999345, -0.029821, 1.46248, 0, 0, 0, 1], "included": true, "visible": [true, false, true, false, false, false, false, false, false, false, false, false, true, false, false, false, false, false, false, false, false, false, false, false, false, false, false, false, false, false, false, false, true, false, false, false, false, false, false, false, false, false, false, true, false, false, false, false, false, true, false, false, false, false, false, false, false, false, false, false, false, true, false, false, false, false, false, true, false, false, false, false, false, true, false, false, true, false], "unobstructed": [false, false, false, false, false, false, false, false, false, false, false, false, false, false, false, false], "height": 1.4362978326137819}, {"image_id": "c69f595ae3e646ee9e447c87de461ab6", "pose": [0.997063, 0.0125908, 0.0755582, 3.53281, -0.0748761, -0.0479152, 0.996042, -5.94925, 0.016161, -0.998773, -0.0468329, 1.46024, 0, 0, 0, 1], "included": true, "visible": [false, false, true, false, false, false, false, false, false, false, false, false, false, false, false, true, false, false, false, false, false, false, false, false, false, false, false, true, false, false, false, false, false, false, false, false, false, false, false, false, false, false, true, true, false, true, false, false, false, true, false, false, false, false, false, false, false, true, true, false, false, false, false, false, false, false, false, false, false, false, false, false, true, false, false, false, false, false], "unobstructed": [true, false, false, false, false, false, false, false, false, false, false, false, false, false, false, false, false, false, false, false], "height": 1.4456929821046454}, {"image_id": "b79e6bc1a3984facab7caf00a0bfc628", "pose": [0.93624, 0.0167015, -0.350966, 0.524987, 0.351189, -0.0130125, 0.936215, -6.50381, 0.0110689, -0.999776, -0.0180495, 1.43764, 0, 0, 0, 1], "included": true, "visible": [true, false, false, false, false, false, false, false, false, true, false, false, false, false, false, false, false, false, false, false, true, true, false, false, false, false, false, false, false, false, false, false, false, false, false, false, false, false, false, false, false, false, true, false, false, false, false, false, false, false, false, false, false, false, false, false, false, true, true, true, false, false, false, false, false, true, true, true, false, false, false, false, true, false, false, false, true, false], "unobstructed": [false, true, false, false, false, false, false, false, false, false, false, false, false, false, false, false, false, false, false, false], "height": 1.454674475308375}, {"image_id": "89468b47b6ac4df48b1e8bcb9aae4f58", "pose": [-0.917045, 0.0153148, 0.398492, 1.85332, -0.398173, 0.0201992, -0.917088, -6.77489, -0.0220946, -0.999679, -0.0124269, 1.45105, 0, 0, 0, 1], "included": true, "visible": [false, false, false, false, false, false, false, false, false, true, false, false, false, false, true, true, false, false, false, false, true, true, false, false, false, false, false, true, false, false, false, false, false, false, false, false, false, false, false, false, false, false, true, false, false, false, false, false, false, true, false, false, false, false, false, false, false, true, true, true, false, false, false, false, false, true, false, false, false, false, false, false, true, false, false, false, false, false], "unobstructed": [false, false, true, false, false, false, false, false, false, false, false, false, false, false, false, false, false, false, false, false], "height": 1.4602786298851564}, {"image_id": "b79e6bc1a3984facab7caf00a0bfc628", "pose": [0.93624, 0.0167015, -0.350966, 0.524987, 0.351189, -0.0130125, 0.936215, -6.50381, 0.0110689, -0.999776, -0.0180495, 1.43764, 0, 0, 0, 1], "included": true, "visible": [true, false, false, false, false, false, false, false, false, true, false, false, false, false, false, false, false, false, false, false, true, true, false, false, false, false, false, false, false, false, false, false, false, false, false, false, false, false, false, false, false, false, true, false, false, false, false, false, false, false, false, false, false, false, false, false, false, true, true, true, false, false, false, false, false, true, true, true, false, false, false, false, true, false, false, false, true, false], "unobstructed": [false, false, false, true, false, false, false, false, false, false, false, false, false, false, false, false, false, false, false, false], "height": 1.454674475308375}, {"image_id": "f93e3269c709423c9e0b43ec87cb6a9a", "pose": [-0.070052, -0.00882457, 0.997505, -1.1243, -0.997225, -0.024682, -0.0702503, -6.61775, 0.02524, -0.999657, -0.00707232, 1.43127, 0, 0, 0, 1], "included": true, "visible": [false, false, false, false, false, false, false, false, false, true, false, false, false, false, false, false, false, false, false, false, true, true, false, false, false, false, false, true, false, false, false, false, false, false, false, false, false, false, false, false, false, false, false, false, false, false, false, false, false, false, false, false, false, false, false, true, true, false, false, true, false, true, false, false, false, true, true, true, false, false, false, false, false, false, false, false, false, false], "unobstructed": [false, false, false, false, true, false, false, false, false, false, false, false, false, false, false, false, false, false, false, false], "height": 1.4538801022481094}, {"image_id": "ad920ebd77e44739b1baad6c8822d5ef", "pose": [0.994794, 0.00785139, 0.101614, -1.60545, -0.101654, 0.00471164, 0.994809, -5.68845, 0.0073315, -0.999959, 0.00548396, 1.43866, 0, 0, 0, 1], "included": true, "visible": [false, false, false, false, false, false, false, false, false, false, false, false, false, false, false, false, false, false, false, false, true, true, false, false, false, false, false, true, false, false, false, false, false, false, false, false, false, false, false, false, false, false, true, false, false, false, false, false, false, true, false, false, false, false, false, true, true, false, false, false, false, true, false, false, false, true, true, false, false, false, false, false, true, false, false, false, false, false], "unobstructed": [false, false, false, false, false, true, false, false, false, false, false, false, false, false, false, false, false, false, false, false], "height": 1.464063382815909}, {"image_id": "295dcca9432e4002b6d765884650af78", "pose": [0.997009, 0.0150152, 0.0758283, -1.64686, -0.0758922, 0.00370131, 0.99711, -4.00341, 0.0146908, -0.999881, 0.00482851, 1.4528, 0, 0, 0, 1], "included": true, "visible": [false, false, false, false, false, false, false, false, false, false, false, false, false, false, false, false, false, false, false, false, false, false, false, false, false, false, false, false, true, false, false, false, false, false, false, false, false, false, false, false, false, true, true, false, false, false, false, false, false, false, false, false, false, false, false, true, false, false, false, true, false, true, false, false, false, true, false, false, false, false, false, false, true, false, false, false, false, false], "unobstructed": [false, false, false, false, false, false, true, false, false, false, false, false, false, false, false, false, false, false, false, false], "height": 1.4585137999446023}, {"image_id": "164e2c5908234d52a7f0226ea820c0a5", "pose": [0.999201, 0.0198276, 0.0347378, -1.72399, -0.0344992, -0.0122674, 0.99933, -2.41095, 0.0202401, -0.999729, -0.0115748, 1.45473, 0, 0, 0, 1], "included": true, "visible": [false, false, false, false, false, true, false, false, false, false, false, false, true, false, false, false, false, false, false, false, false, false, false, false, false, false, false, false, true, false, false, false, false, false, false, false, false, false, false, false, true, false, true, false, false, false, false, false, false, true, false, false, false, false, false, true, true, false, false, true, false, false, false, false, false, false, false, false, false, false, false, false, true, false, false, false, false, false], "unobstructed": [false, false, false, false, false, false, false, true, false, false, false, false, false, false, false, false, false, false, false, false], "height": 1.455050928071689}, {"image_id": "cd348907bbe749d497903e18e63db317", "pose": [0.346463, -0.0248485, 0.937735, -1.6243, -0.937973, 0.00486483, 0.346679, -0.524866, -0.0131768, -0.99968, -0.021623, 1.44777, 0, 0, 0, 1], "included": true, "visible": [true, false, true, false, false, true, false, false, false, false, false, false, true, false, false, false, false, false, false, false, false, false, false, false, false, false, true, false, true, false, false, false, false, false, false, false, false, false, false, false, false, true, false, true, false, false, false, false, false, false, false, false, false, false, false, false, true, false, false, true, false, true, false, false, false, false, false, false, false, false, false, false, true, true, false, false, true, false], "unobstructed": [false, false, false, false, false, false, false, false, true, false, false, false, false, false, false, false, false, false, false, false], "height": 1.4569009454350554}, {"image_id": "06bd0a2d004b454b9e93ddcf08344732", "pose": [0.286711, -0.0299723, 0.957549, 0.175625, -0.958014, -0.00604492, 0.286662, -0.711703, -0.00280397, -0.999533, -0.0304483, 1.442, 0, 0, 0, 1], "included": true, "visible": [false, false, true, false, false, true, false, false, false, false, false, false, true, false, false, true, false, false, false, false, false, false, false, false, false, false, true, true, true, false, false, false, false, false, false, false, false, false, false, false, false, false, false, true, true, false, false, false, false, false, false, false, false, false, false, true, false, true, true, false, false, false, false, false, false, false, false, false, false, false, false, false, false, true, false, false, true, false], "unobstructed": [false, false, false, false, false, false, false, false, false, true, false, false, false, false, false, false, false, false, false, false], "height": 1.4503820143134785}, {"image_id": "faed19f97550433b958958f4df869251", "pose": [0.276899, -0.0109995, 0.960837, 1.65307, -0.960889, 0.00175147, 0.276934, -1.22041, -0.00472939, -0.999938, -0.0100856, 1.4528, 0, 0, 0, 1], "included": true, "visible": [true, false, false, false, false, true, false, false, false, false, false, false, false, false, true, false, false, false, false, false, false, false, false, false, false, false, true, false, true, false, false, false, true, false, false, false, false, false, false, false, true, true, false, true, true, false, false, false, false, false, false, false, false, false, false, true, false, false, false, false, false, false, false, false, false, false, false, false, false, false, false, false, false, true, false, false, true, false], "unobstructed": [false, false, false, false, false, false, false, false, false, false, true, false, false, false, false, false, false, false, false, false], "height": 1.4627468736228733}, {"image_id": "659c84430ca14aa5bf83a61683649a89", "pose": [0.974472, 0.00591387, 0.224436, 1.71504, -0.224128, -0.0329939, 0.974002, -2.54903, 0.0131648, -0.999439, -0.0308274, 1.45189, 0, 0, 0, 1], "included": true, "visible": [true, false, true, false, false, true, false, false, false, false, false, false, true, false, true, false, false, false, false, false, false, false, false, false, false, false, true, false, true, false, false, false, true, false, false, false, false, false, false, false, true, true, false, true, false, false, false, false, false, false, false, false, false, false, false, false, false, false, true, false, false, false, false, false, false, false, true, false, false, false, false, false, false, false, false, false, true, false], "unobstructed": [false, false, false, false, false, false, false, false, false, false, false, true, false, false, false, false, false, false, false, false], "height": 1.4599098234635735}, {"image_id": "5b2de972faea4ca381cd72140f77b0c0", "pose": [0.99922, 0.00837716, 0.0386341, 1.76354, -0.0384836, -0.0174768, 0.999107, -3.85544, 0.00904451, -0.999813, -0.017142, 1.85543, 0, 0, 0, 1], "included": true, "visible": [true, false, false, false, false, true, false, false, false, false, false, false, true, false, true, true, false, false, false, false, false, false, false, false, false, false, true, false, true, false, false, false, true, false, false, false, false, false, false, false, true, false, false, true, true, false, false, false, false, false, false, false, false, false, false, false, false, false, false, false, false, false, false, false, false, false, false, false, false, false, false, false, false, true, false, false, true, false], "unobstructed": [false, false, false, false, false, false, false, false, false, false, false, false, true, false, false, false, false, false, false, false], "height": 1.2521041793037233}, {"image_id": "930cbd6da8f14dfba4d883c55a069f96", "pose": [-0.530314, -0.010772, 0.847734, 1.8436, -0.847538, 0.0317187, -0.529787, -5.1523, -0.0211825, -0.999439, -0.0259518, 2.86517, 0, 0, 0, 1], "included": true, "visible": [true, false, false, false, false, false, false, false, false, false, false, false, true, false, false, true, false, false, false, false, false, false, false, false, false, false, true, false, true, false, false, false, false, false, false, false, false, false, false, false, true, true, false, true, true, false, false, false, false, false, false, false, false, false, false, false, false, false, false, false, false, false, false, false, false, false, false, false, false, false, false, false, false, false, false, false, false, false], "unobstructed": [false, false, false, false, false, false, false, false, false, false, false, false, false, true, false, false, false, false, false, false], "height": 1.2654008980268736}, {"image_id": "2c9141f7b24547c3808608bf9ad54b4d", "pose": [-0.995462, 0.00272851, -0.0951359, 1.83975, 0.095175, 0.0255281, -0.995134, -6.65988, -0.000286953, -0.999671, -0.0256731, 4.06904, 0, 0, 0, 1], "included": true, "visible": [false, false, false, false, false, false, false, false, false, false, false, false, true, false, true, false, false, false, false, false, true, false, false, false, false, false, false, false, true, false, false, false, true, false, true, false, false, false, false, false, false, true, true, false, true, false, false, true, false, false, false, false, true, false, false, false, false, false, true, false, false, false, false, false, false, false, false, false, false, false, false, false, false, true, false, false, true, false], "unobstructed": [false, false, false, false, false, false, false, false, false, false, false, false, false, false, true, false, false, false, false, false], "height": 1.2670699534709717}, {"image_id": "930cbd6da8f14dfba4d883c55a069f96", "pose": [-0.530314, -0.010772, 0.847734, 1.8436, -0.847538, 0.0317187, -0.529787, -5.1523, -0.0211825, -0.999439, -0.0259518, 2.86517, 0, 0, 0, 1], "included": true, "visible": [true, false, false, false, false, false, false, false, false, false, false, false, true, false, false, true, false, false, false, false, false, false, false, false, false, false, true, false, true, false, false, false, false, false, false, false, false, false, false, false, true, true, false, true, true, false, false, false, false, false, false, false, false, false, false, false, false, false, false, false, false, false, false, false, false, false, false, false, false, false, false, false, false, false, false, false, false, false], "unobstructed": [false, false, false, false, false, false, false, false, false, false, false, false, false, false, false, true, false, false, false, false], "height": 1.2654008980268736}, {"image_id": "5b2de972faea4ca381cd72140f77b0c0", "pose": [0.99922, 0.00837716, 0.0386341, 1.76354, -0.0384836, -0.0174768, 0.999107, -3.85544, 0.00904451, -0.999813, -0.017142, 1.85543, 0, 0, 0, 1], "included": true, "visible": [true, false, false, false, false, true, false, false, false, false, false, false, true, false, true, true, false, false, false, false, false, false, false, false, false, false, true, false, true, false, false, false, true, false, false, false, false, false, false, false, true, false, false, true, true, false, false, false, false, false, false, false, false, false, false, false, false, false, false, false, false, false, false, false, false, false, false, false, false, false, false, false, false, true, false, false, true, false], "unobstructed": [false, false, false, false, false, false, false, false, false, false, false, false, false, false, false, false, true, false, false, false], "height": 1.2521041793037233}, {"image_id": "06bd0a2d004b454b9e93ddcf08344732", "pose": [0.286711, -0.0299723, 0.957549, 0.175625, -0.958014, -0.00604492, 0.286662, -0.711703, -0.00280397, -0.999533, -0.0304483, 1.442, 0, 0, 0, 1], "included": true, "visible": [false, false, true, false, false, true, false, false, false, false, false, false, true, false, false, true, false, false, false, false, false, false, false, false, false, false, true, true, true, false, false, false, false, false, false, false, false, false, false, false, false, false, false, true, true, false, false, false, false, false, false, false, false, false, false, true, false, true, true, false, false, false, false, false, false, false, false, false, false, false, false, false, false, true, false, false, true, false], "unobstructed": [false, false, false, false, false, false, false, false, false, false, false, false, false, false, false, false, false, true, false, false], "height": 1.4503820143134785}, {"image_id": "164e2c5908234d52a7f0226ea820c0a5", "pose": [0.999201, 0.0198276, 0.0347378, -1.72399, -0.0344992, -0.0122674, 0.99933, -2.41095, 0.0202401, -0.999729, -0.0115748, 1.45473, 0, 0, 0, 1], "included": true, "visible": [false, false, false, false, false, true, false, false, false, false, false, false, true, false, false, false, false, false, false, false, false, false, false, false, false, false, false, false, true, false, false, false, false, false, false, false, false, false, false, false, true, false, true, false, false, false, false, false, false, true, false, false, false, false, false, true, true, false, false, true, false, false, false, false, false, false, false, false, false, false, false, false, true, false, false, false, false, false], "unobstructed": [false, false, false, false, false, false, false, false, false, false, false, false, false, false, false, false, false, false, true, false], "height": 1.455050928071689}, {"image_id": "295dcca9432e4002b6d765884650af78", "pose": [0.997009, 0.0150152, 0.0758283, -1.64686, -0.0758922, 0.00370131, 0.99711, -4.00341, 0.0146908, -0.999881, 0.00482851, 1.4528, 0, 0, 0, 1], "included": true, "visible": [false, false, false, false, false, false, false, false, false, false, false, false, false, false, false, false, false, false, false, false, false, false, false, false, false, false, false, false, true, false, false, false, false, false, false, false, false, false, false, false, false, true, true, false, false, false, false, false, false, false, false, false, false, false, false, true, false, false, false, true, false, true, false, false, false, true, false, false, false, false, false, false, true, false, false, false, false, false], "unobstructed": [false, false, false, false, false, false, false, false, false, false, false, false, false, false, false, false, false, false, false, true], "height": 1.4585137999446023}]