[{"image_id": "d58453d55e9440eb8a4b876c776c0b43", "pose": [0.359581, 0.00973956, 0.933064, -0.00718381, -0.933003, -0.0116946, 0.35968, 4.5839, 0.0144148, -0.999884, 0.0048814, 1.58579, 0, 0, 0, 1], "included": true, "visible": [false, false, false, false, false, false, false, false, false, false, false, false, false, false, false, false, false, false, false, false, false, false, false, false, false, false, false, false, false, false, true, true, false, false, false, false, true, false, false, false, false, false, false, false, false, false, false, false, false, false, false, false, false, false, false, false, false, false, false, false, false, true, true, false, false, false, false, false, false, false, true, false, false, true, true, false, false, false, false, true, true, false, false, false, false, false, false, false, false, false, false, false, false, false, false, false, false, false, false, false, false, false, false, false, false, false, false, false, false, false, false, false, false, false, false, false, false, true, false, false, false, false, false, true, false, false, false, false, false, false, false, false, false, false, false, false, false, false, false, true, true, false, false, false, false, false, false, false], "unobstructed": [false, false, false, false, false, false], "height": 1.5952652923629225}, {"image_id": "d972562e44f44b4db2a197310dc6113f", "pose": [0.173534, 0.00826441, 0.984794, 0.0176521, -0.984733, -0.0124421, 0.173628, 3.46296, 0.0136876, -0.999889, 0.00597865, 1.59824, 0, 0, 0, 1], "included": true, "visible": [false, false, false, false, false, false, false, false, false, false, false, false, false, false, false, false, false, false, false, false, false, false, false, false, false, false, false, false, false, false, false, true, false, false, false, false, true, false, false, false, false, false, false, false, false, true, false, false, false, false, false, false, false, false, false, false, false, false, false, false, false, false, true, false, false, false, false, false, false, false, true, false, false, true, true, false, false, false, false, false, true, false, false, false, false, false, false, false, false, false, false, false, false, false, false, false, false, false, false, false, false, false, false, false, false, false, false, true, false, false, false, false, false, false, false, false, false, false, false, false, false, false, false, false, false, false, false, false, false, false, false, false, false, false, false, false, false, false, false, false, true, false, false, false, false, false, false, false], "unobstructed": [true, false, false, false, false, false], "height": 1.6040383193836274}, {"image_id": "b8f6db61618f41c28fa542ecfe044f66", "pose": [-0.0173224, 0.00276405, 0.999846, 0.00489077, -0.999761, -0.0134456, -0.0172836, 1.73869, 0.0133956, -0.999906, 0.00299583, 1.59913, 0, 0, 0, 1], "included": true, "visible": [false, false, false, false, false, false, false, false, false, false, false, false, false, false, false, false, false, false, true, false, false, false, false, false, false, true, false, false, false, false, false, true, false, false, true, false, false, false, false, false, false, false, false, false, false, true, false, false, false, false, false, false, false, false, false, false, false, false, false, false, false, false, true, false, false, false, false, true, false, false, true, false, false, true, true, false, false, false, false, false, true, false, false, false, true, false, false, true, false, false, false, false, false, false, false, false, false, false, false, true, false, false, false, false, false, false, false, false, false, false, false, false, false, false, false, true, false, false, false, false, false, false, false, true, false, false, false, false, false, false, false, false, false, false, false, false, false, false, false, false, true, false, false, true, false, false, false, true], "unobstructed": [false, true, false, false, false, false], "height": 1.6006705802410583}, {"image_id": "f473cf5a09a64090acec3bfe8fccaacd", "pose": [0.496857, 0.0185493, -0.867635, -0.951377, 0.867518, 0.0163456, 0.497139, 0.949851, 0.0234034, -0.999695, -0.00797088, 1.58949, 0, 0, 0, 1], "included": true, "visible": [false, false, false, false, false, false, false, false, false, false, false, false, false, false, false, false, false, false, false, false, false, false, false, false, false, false, false, false, false, false, false, false, false, false, true, false, true, false, false, false, false, false, true, false, false, false, false, false, false, false, false, false, false, false, false, false, false, false, false, false, false, false, true, false, false, false, false, false, false, false, false, false, false, false, true, false, false, false, false, false, false, false, false, false, false, false, false, false, false, false, false, false, false, false, false, false, false, false, false, false, false, false, false, false, false, false, false, true, false, false, false, false, false, false, false, false, false, false, false, false, false, false, false, false, false, false, false, false, false, false, false, false, false, false, false, false, false, false, false, false, false, false, false, false, false, false, false, true], "unobstructed": [false, false, true, false, false, false], "height": 1.5898611770264548}, {"image_id": "c7399ec14d8a480699014a7c0f1775fb", "pose": [0.679041, 0.0116694, 0.734008, -1.03618, -0.733957, -0.0089873, 0.679137, -2.11678, 0.0145217, -0.999892, 0.00246163, 1.59241, 0, 0, 0, 1], "included": true, "visible": [false, false, false, false, false, false, false, false, false, false, false, false, false, false, false, false, false, false, true, false, false, false, false, false, false, false, false, false, false, false, false, false, false, false, false, false, false, false, false, false, false, false, true, false, false, false, false, false, false, false, false, false, false, false, false, false, false, false, false, false, false, false, false, false, false, false, false, false, false, false, false, false, false, false, false, false, false, false, false, false, false, false, false, false, false, false, false, false, false, false, false, false, false, false, false, false, false, false, false, false, false, false, false, false, false, false, false, false, false, false, false, false, false, false, false, false, false, false, false, false, false, false, false, true, false, false, false, false, false, false, false, false, false, false, false, false, false, false, false, false, false, false, false, false, false, false, false, false], "unobstructed": [false, false, false, true, false, false], "height": 1.5873650087214792}, {"image_id": "44661972414d44fabc0799f237e4d7f0", "pose": [0.925106, 0.0168901, 0.379335, -0.652481, -0.379292, -0.00583291, 0.925259, -5.15492, 0.0178402, -0.999841, 0.00100975, 1.6023, 0, 0, 0, 1], "included": true, "visible": [false, false, false, false, false, false, false, false, false, false, false, false, false, false, false, false, false, false, true, false, false, false, false, false, false, false, false, false, false, false, false, false, false, false, false, false, false, false, false, false, false, false, false, false, false, false, false, false, false, false, false, false, false, false, false, false, false, false, false, false, false, false, false, false, false, false, false, false, false, false, false, false, false, false, false, false, false, false, false, false, false, false, false, false, false, false, false, false, false, false, false, false, false, false, false, false, false, false, false, false, false, false, false, false, false, false, false, true, false, false, false, false, false, false, false, false, false, false, false, false, false, false, false, false, false, false, false, false, false, false, false, false, false, false, false, false, false, false, false, false, false, false, false, false, false, false, false, false], "unobstructed": [false, false, false, false, true, false], "height": 1.5947145995708978}]