[{"image_id": "b37b2c903995434fb4f9a990ce4cac93", "pose": [0.733718, -0.00279453, 0.679448, -0.0254777, -0.679394, -0.0161712, 0.733594, -0.162298, 0.00893781, -0.999865, -0.0137622, 4.28092, 0, 0, 0, 1], "included": true, "visible": [false, false, false, false, false, true, false, false, false, true, true, false, false, false, false, false, false, false, false, false, false, false, false, true, true, false, false, false, false, false, true, false, true, false, false, false, false, false, false, true, false, false, false, true, false, false, false, false, false, false, false, false, false, false, false, false, false, false, false, false, false, false, false, false, false, false, true, false, false, false, false, false, false, false, false, false, false, false, false, false, false, false, false, false, false, false, true, false, true, false, false, false, false, true, false, false, false, false, false, false, false, false, false, false, false, false, false, false, false, false, false, false, false, false], "unobstructed": [false, false, false, false, false, false, false], "height": 1.3324629845781866}, {"image_id": "07ecdce20ccc400ba2017910315f5c61", "pose": [-0.992762, -0.0220378, 0.118048, -1.99662, -0.117828, -0.0110378, -0.992972, -0.760822, 0.0231863, -0.999696, 0.00836276, 3.60931, 0, 0, 0, 1], "included": true, "visible": [false, false, false, false, false, false, false, false, false, true, true, false, false, false, false, true, false, false, false, false, false, false, false, true, false, false, false, false, false, false, false, false, false, false, false, false, false, false, false, false, false, false, false, false, false, false, false, false, false, false, false, false, false, false, false, false, false, false, false, false, false, false, false, false, false, false, false, false, false, false, false, false, false, false, false, false, false, true, false, false, false, false, false, false, true, false, false, false, false, false, false, false, false, false, false, false, false, false, false, false, false, false, false, false, false, true, false, false, false, false, false, false, false, false], "unobstructed": [true, false, false, false, false, false], "height": 1.5159561861009632}, {"image_id": "919f4027406c421b99abb92b48917eba", "pose": [-0.449068, -0.0206887, -0.893257, -2.89966, 0.893487, -0.00586286, -0.449048, -0.565044, 0.00405356, -0.999768, 0.0211194, 3.08984, 0, 0, 0, 1], "included": true, "visible": [false, false, false, false, false, false, false, false, false, false, true, false, false, false, false, true, false, false, false, false, false, false, false, false, false, false, false, false, false, false, false, false, false, false, false, false, false, false, false, false, false, false, false, false, false, false, false, false, false, false, false, false, false, false, false, false, false, true, false, false, false, false, false, false, false, false, false, false, false, false, false, false, false, false, false, false, false, true, false, false, false, false, false, false, true, false, false, false, false, false, false, false, false, true, false, false, false, false, false, false, false, false, false, true, false, true, false, false, false, false, false, false, false, false], "unobstructed": [false, true, false, false, false, false], "height": 1.3580207804491569}, {"image_id": "ec76b2dc0e8248188d897e3e487df74e", "pose": [-0.666923, -0.000505227, 0.745126, -4.14406, -0.744705, -0.0331509, -0.666569, -0.488509, 0.0250387, -0.99945, 0.0217343, 3.12348, 0, 0, 0, 1], "included": true, "visible": [false, false, false, false, false, false, false, false, false, false, true, false, false, false, false, true, false, false, false, false, false, false, false, true, false, false, false, false, false, false, false, false, false, false, false, false, false, false, false, false, false, false, false, false, false, false, false, false, false, false, false, false, false, false, false, false, false, true, false, false, false, false, false, false, false, false, false, false, false, false, false, false, false, false, false, false, false, false, false, false, false, false, false, false, false, false, false, false, false, false, false, false, false, true, false, false, false, false, false, false, false, false, true, false, false, true, false, false, false, false, false, false, false, false], "unobstructed": [false, false, true, false, false, false], "height": 1.3650487878343394}, {"image_id": "a5026cf1294d4090bbe1bf3b25643160", "pose": [0.0609305, -0.00283228, 0.998137, -1.52324, -0.998078, 0.0110296, 0.0609578, 0.213472, -0.0111813, -0.999934, -0.00215331, 2.40311, 0, 0, 0, 1], "included": true, "visible": [false, false, false, false, false, false, false, false, false, false, false, false, false, false, false, false, false, false, false, false, false, true, false, false, false, false, false, false, false, false, false, false, false, false, false, true, false, false, false, false, false, false, false, false, false, false, false, false, false, false, false, false, false, false, false, false, false, false, false, false, true, false, false, false, false, true, false, false, false, false, false, false, false, false, false, false, false, true, false, false, false, false, false, false, false, false, false, false, false, false, false, false, false, false, false, false, false, false, false, false, false, false, true, true, false, false, false, false, false, false, true, false, false, false], "unobstructed": [false, false, false, true, false, false], "height": 1.5197531467473746}, {"image_id": "8e7d20d58540431690d4dd27de8b61aa", "pose": [0.0630695, -0.00621884, 0.997989, -0.851257, -0.997972, 0.00806051, 0.0631184, 0.229321, -0.00843644, -0.999947, -0.00569637, 1.86982, 0, 0, 0, 1], "included": true, "visible": [false, false, false, false, false, false, false, false, false, false, false, false, false, false, false, false, false, false, false, false, false, true, false, false, false, false, false, false, false, false, false, false, false, false, false, true, false, false, false, false, false, false, false, false, false, false, false, false, true, false, false, false, false, false, false, false, false, false, false, false, true, false, false, false, false, true, false, false, false, false, false, false, false, false, false, false, false, true, false, false, false, false, false, false, false, false, false, false, false, false, false, false, false, false, false, false, false, false, true, false, false, false, false, true, false, false, false, false, false, false, true, false, true, false], "unobstructed": [false, false, false, false, true, false], "height": 1.3733871271393323}, {"image_id": "4a800c7216c54d4890ce8eee076262b7", "pose": [-0.999511, -0.0155694, -0.0270851, 0.118704, 0.0270771, 0.000700839, -0.999633, -0.174717, 0.0155831, -0.999878, -0.000277423, 1.30052, 0, 0, 0, 1], "included": true, "visible": [false, false, false, false, false, false, false, false, false, false, false, false, false, false, false, false, false, false, false, false, false, true, false, false, false, false, false, false, true, false, false, false, false, false, false, false, false, false, false, false, false, false, true, false, false, false, false, false, true, false, false, false, false, false, false, false, false, false, false, false, true, false, false, false, false, true, false, false, false, false, false, false, false, false, false, false, true, false, false, false, false, false, true, false, false, false, false, false, false, false, false, false, false, false, false, true, false, false, true, false, false, false, true, true, false, false, false, false, false, false, true, false, true, false], "unobstructed": [false, false, false, false, false, true], "height": 1.34931111596903}]