[{"image_id": "fc4189783106499da4e9dd0a20636c4e", "pose": [-0.430864, -0.0182045, 0.902233, -11.4648, -0.902345, -0.00395091, -0.430997, 14.4692, 0.0114107, -0.999826, -0.0147244, 1.54738, 0, 0, 0, 1], "included": true, "visible": [false, true, false, false, false, false, false, true, false, false, false, false, false, false, false, false, false, false, false, false, false, false, false, false, false, false, false, false, false, false, false, false, false, false, false, false, false, true, false, false, false, false, false, false, false, false, false, false, false, false, false, false, false, true, false, false, false, false, false, false, false, false, false, false, false, false, false, false, true, false, false, false, false, false, false, false, false, false, false, false, false, false, false, false, false, false, false, false, false, false, true, false, false, false, false, false, false, false, false, false, false, false, false, false, true, false, false, false, false, false, false, false, false, false, false, false, false, false, false, false, true, false, false, false, false, false, false, false, false, false, false, false, false, false, false, false, false, false, true, true, false, false, true, false, false], "unobstructed": [false, false, false, false, false, false, false, false], "height": 1.5810988137724615}, {"image_id": "d4d123f647ad482c9df6d07474c29895", "pose": [-0.990909, -0.0147339, -0.133723, -10.5584, 0.133686, 0.00349072, -0.991018, 15.0103, 0.0150684, -0.999885, -0.00148922, 1.53187, 0, 0, 0, 1], "included": true, "visible": [false, false, false, false, false, false, false, false, false, false, false, false, false, false, false, false, false, false, false, false, false, false, false, false, false, false, false, false, false, false, false, false, false, false, false, false, false, true, false, false, false, false, false, false, false, false, false, false, false, false, false, false, false, false, false, false, false, false, false, false, false, false, false, false, false, false, false, false, true, false, false, false, false, false, false, false, false, false, false, false, false, false, false, false, false, false, false, false, false, false, true, false, false, false, false, false, true, false, false, false, false, false, false, false, true, false, false, false, false, false, false, false, false, false, false, false, false, false, false, false, true, false, false, true, false, false, false, false, false, false, false, false, false, false, false, false, true, false, true, false, false, false, true, false, false], "unobstructed": [true, false, false, false, false, false, false], "height": 1.5665653498099068}, {"image_id": "747f76b8196d4de28339e240992a0ee1", "pose": [-0.500998, -0.0131846, -0.865348, -8.55686, 0.864462, 0.0400928, -0.501096, 18.0764, 0.041301, -0.999109, -0.0086888, 1.53764, 0, 0, 0, 1], "included": true, "visible": [false, true, false, false, false, false, false, true, false, false, false, false, true, false, false, false, false, false, false, false, false, false, false, false, false, false, false, false, false, false, false, false, false, false, false, false, false, false, false, false, false, false, false, false, false, false, false, false, false, false, false, false, false, true, false, false, false, false, false, false, false, true, false, false, false, false, false, false, true, false, false, false, false, false, false, false, false, false, false, false, false, false, false, false, false, false, false, false, true, false, true, false, false, false, false, false, false, false, false, false, false, false, false, false, false, false, false, true, false, false, false, false, false, false, false, false, false, false, false, false, true, false, false, false, false, false, false, false, false, false, false, false, false, false, false, false, false, false, false, true, false, false, false, false, false], "unobstructed": [false, true, false, false, false, false, false], "height": 1.5742408031077617}, {"image_id": "8bc71dc82b1e4488a2cfc4398cb6905e", "pose": [-0.576783, -0.011676, 0.816814, -8.81746, -0.816814, -0.00605719, -0.57687, 15.58, 0.0116831, -0.999913, -0.00604337, 1.52207, 0, 0, 0, 1], "included": true, "visible": [false, false, false, false, false, false, false, true, false, false, false, false, true, false, false, false, false, false, false, false, true, false, false, false, false, false, false, false, false, false, false, false, false, false, false, false, false, false, false, false, false, false, false, false, false, false, false, false, false, false, false, false, false, true, false, false, false, false, false, false, false, false, false, false, false, false, false, false, true, false, false, false, false, false, false, false, false, false, false, false, false, false, false, false, false, false, false, false, false, false, false, false, false, false, false, false, true, false, false, false, false, false, false, false, true, false, false, true, false, false, false, false, false, false, false, false, false, false, false, false, true, false, false, true, false, false, false, false, false, false, false, false, false, false, false, false, true, false, false, false, false, false, true, false, false], "unobstructed": [false, false, true, false, false, false, false], "height": 1.5724317432828203}, {"image_id": "f61c2574329f4586b3bae88643df8b8a", "pose": [-0.289136, 0.00392906, -0.95728, -6.23196, 0.957268, 0.00769159, -0.289101, 16.9114, 0.00622709, -0.999963, -0.00598503, 1.5318, 0, 0, 0, 1], "included": true, "visible": [false, false, false, false, false, false, false, true, true, false, false, false, false, false, false, false, true, false, false, false, false, false, false, false, false, true, false, false, false, false, false, false, true, false, false, false, false, false, false, false, false, false, false, false, false, false, false, false, false, false, false, false, false, true, false, false, false, false, false, false, false, false, false, false, false, false, false, false, true, false, false, false, false, false, false, false, false, false, false, false, false, false, false, false, false, false, false, false, true, false, true, true, false, false, false, false, true, false, false, false, false, true, false, true, false, false, false, false, false, false, false, false, false, false, false, true, false, false, false, false, false, false, false, true, false, false, false, false, false, false, false, false, false, true, false, false, true, false, false, false, false, false, false, false, false], "unobstructed": [false, false, false, true, false, false, false], "height": 1.5742512146993624}, {"image_id": "8e0f17d81fbc4859beb25117e6880973", "pose": [0.997601, 0.0133482, 0.0679255, -6.6893, -0.0681857, 0.0201099, 0.99747, 18.3736, 0.0119484, -0.999709, 0.0209719, 1.53712, 0, 0, 0, 1], "included": true, "visible": [false, false, false, false, false, false, false, false, true, false, false, false, false, false, false, false, true, false, false, false, false, false, false, false, false, false, false, false, false, false, false, false, true, false, false, false, false, false, false, false, false, false, false, false, false, false, false, false, false, false, false, false, false, true, false, false, false, false, false, false, false, false, false, false, false, false, false, false, false, false, false, false, false, false, false, false, false, false, false, false, false, false, false, false, false, false, false, false, false, false, false, false, false, false, false, false, false, false, false, false, false, false, false, false, true, false, false, true, false, false, false, false, false, false, false, true, false, false, false, false, false, false, false, false, false, false, false, false, false, false, false, false, false, false, false, false, false, false, false, true, false, false, true, false, false], "unobstructed": [false, false, false, false, true, false, false], "height": 1.5745811496474198}, {"image_id": "3321d3b4158a4b8093b724c1dd8e38d5", "pose": [0.925293, 0.0213019, -0.378655, -6.58973, 0.37836, 0.0166535, 0.925509, 20.8473, 0.026021, -0.999634, 0.00734963, 1.56683, 0, 0, 0, 1], "included": true, "visible": [false, false, false, false, false, true, false, false, true, false, false, false, false, false, false, false, true, false, false, false, false, false, false, false, false, false, false, false, false, false, false, false, false, false, false, false, true, false, false, false, false, false, false, false, false, false, false, false, false, false, false, false, false, false, false, false, false, false, false, false, false, false, false, false, false, false, false, false, false, false, false, false, false, false, false, false, false, false, false, false, false, false, false, false, false, false, false, false, true, false, false, false, false, false, false, false, false, false, false, false, false, false, false, false, false, false, false, false, false, false, false, false, false, false, false, true, false, false, false, false, false, false, false, false, false, false, false, false, false, false, false, false, false, false, false, false, false, false, false, false, false, false, true, false, false], "unobstructed": [false, false, false, false, false, true, false], "height": 1.570184237929453}, {"image_id": "da59b98bb29247e69790fcaf32e13bb4", "pose": [-0.137651, 0.00536354, 0.990467, -5.19939, -0.990476, -0.00378417, -0.137632, 22.2181, 0.00300988, -0.999978, 0.0058334, 1.58801, 0, 0, 0, 1], "included": true, "visible": [true, false, false, false, false, false, false, false, false, false, false, false, false, false, false, false, true, false, false, false, false, false, false, false, false, false, false, false, false, false, false, false, true, false, false, false, true, false, false, false, false, false, false, false, false, false, false, false, false, false, false, false, false, false, false, false, false, false, false, false, false, false, false, false, false, false, false, false, false, false, false, false, false, false, false, false, false, false, false, false, false, false, false, false, false, false, false, false, false, false, false, false, false, false, false, false, false, false, false, false, false, false, false, false, false, false, false, false, false, false, true, false, false, false, false, false, false, false, false, false, false, false, false, false, false, false, false, false, false, false, false, false, false, false, false, false, false, false, false, false, false, false, false, false, false], "unobstructed": [false, false, false, false, false, false, true], "height": 1.5749612014860508}]