[{"image_id": "8f1b7146c37b4be695c551407371ef2e", "pose": [0.465127, 0.00195559, 0.885241, -0.648091, -0.884943, -0.0250093, 0.465025, 7.30532, 0.0230489, -0.999685, -0.009901, -1.33295, 0, 0, 0, 1], "included": true, "visible": [false, false, false, false, false, false, false, false, false, false, false, false, false, false, false, false, false, false, false, false, false, false, false, false, false, true, false, false, false, false, false, true, false, false, false, false, false, false, false, false, false, false, false, false, false, false, false, false, false, false, false, false, false, false, false, false, false, false, false, false, false, false, false, false, false, false, false, false, false, false, false, false, false, false, false, false, false, true, false, false, false, false, false, false, true, false, false, false, false, false, false, false, false, false, false, false, false, false, false, false, false, false, false, false, false, false, true, false, false, false, false, false, false, false, false, false], "unobstructed": [false, false, false, false, false, false], "height": 1.4049250321066824}, {"image_id": "077a5ba3bfd04fd4a361ac8fb0d70e6f", "pose": [0.233302, -0.0069119, 0.972379, -0.670802, -0.972363, -0.010747, 0.233222, 5.42403, 0.00883841, -0.999918, -0.00922725, -1.33041, 0, 0, 0, 1], "included": true, "visible": [false, false, false, false, false, false, false, false, false, false, true, false, false, false, false, false, false, false, false, false, false, false, true, false, false, true, false, true, false, false, false, false, false, false, false, false, false, false, true, false, false, false, false, false, false, false, true, false, false, false, true, true, false, false, false, false, false, false, false, false, false, false, false, false, false, false, false, false, false, false, false, false, false, false, false, false, false, true, false, false, false, false, false, false, true, false, false, false, false, false, false, false, false, false, false, false, false, false, false, false, false, false, false, false, false, false, false, false, false, false, false, false, false, false, false, false], "unobstructed": [true, false, false, false, false], "height": 1.4151719765725468}, {"image_id": "4d01f92d53604a1cbbdbf728c3d81512", "pose": [-0.163641, 0.00249013, -0.986516, 1.68559, 0.986507, 0.00548824, -0.163625, 4.82305, 0.00500704, -0.999981, -0.00335371, -1.33407, 0, 0, 0, 1], "included": true, "visible": [false, false, false, false, false, false, false, false, false, false, true, false, false, false, false, false, false, false, false, false, false, false, true, false, false, false, false, false, false, false, false, true, false, false, false, false, false, false, true, false, false, true, false, false, false, false, false, false, false, false, true, true, false, false, false, false, false, false, true, false, false, false, false, false, false, false, false, false, false, false, false, false, false, false, false, false, false, false, false, false, false, false, false, false, true, false, false, false, false, false, false, false, false, false, false, false, false, false, false, false, false, false, false, true, false, false, false, false, false, false, false, false, false, false, false, false], "unobstructed": [false, true, false, false, false], "height": 1.4203932525253373}, {"image_id": "254b8a3e80634d48b0290577d5289328", "pose": [-0.658133, -0.00627009, 0.752875, 4.62687, -0.752896, 0.00188877, -0.658136, 3.61744, 0.00270481, -0.999978, -0.00596286, -1.33903, 0, 0, 0, 1], "included": true, "visible": [false, false, false, false, false, false, false, false, false, false, true, false, false, false, false, false, false, false, false, false, false, false, true, false, false, false, false, false, false, true, false, true, false, false, false, false, false, false, true, false, false, false, false, false, false, false, true, false, false, false, false, false, false, false, true, false, false, false, false, false, false, false, false, false, false, false, false, false, false, false, false, false, false, false, false, false, false, false, false, false, false, false, false, false, false, false, false, false, false, false, false, false, false, false, false, false, false, false, false, false, false, false, false, false, false, false, false, false, false, false, false, false, false, false, false, false], "unobstructed": [false, false, true, false, false], "height": 1.410892488232051}, {"image_id": "759672c65fcc4a1ab1e1552fe60c0304", "pose": [-0.101568, 0.0067435, -0.994805, 7.37082, 0.994827, 0.00153072, -0.10156, 3.68006, 0.000838147, -0.999976, -0.00686316, -1.33325, 0, 0, 0, 1], "included": true, "visible": [false, false, false, false, false, false, false, false, false, false, false, false, false, false, false, false, false, false, false, false, false, false, true, false, false, false, false, false, true, true, false, false, false, true, false, false, false, true, false, false, false, false, false, false, false, false, false, false, false, false, true, true, false, false, false, false, false, false, false, false, false, false, false, false, false, false, false, false, false, false, false, false, false, false, false, false, false, false, false, false, false, false, false, true, false, false, true, false, false, false, false, false, false, false, false, false, false, false, false, false, false, false, false, false, false, false, false, false, false, false, false, false, false, false, false, false], "unobstructed": [false, false, false, true, false], "height": 1.4189031813295379}, {"image_id": "25a7293a04c34149a3219a5a8c226aea", "pose": [0.999914, 0.00850773, -0.0099314, 6.75897, 0.00984532, 0.0101254, 0.9999, 4.94894, 0.00860769, -0.999912, 0.0100417, -1.23971, 0, 0, 0, 1], "included": true, "visible": [false, false, false, false, false, false, false, false, false, false, false, false, false, false, false, false, false, false, false, false, false, false, false, false, false, false, false, false, false, true, false, false, false, true, false, false, false, true, false, false, false, false, false, false, false, false, false, false, false, false, false, false, false, false, true, false, false, false, false, false, false, false, false, false, false, false, false, false, false, false, false, false, false, false, false, false, false, false, false, false, false, false, false, true, false, false, true, false, false, false, false, false, false, false, false, false, true, false, false, false, false, false, false, false, false, false, false, false, false, false, false, false, false, false, false, false], "unobstructed": [false, false, false, false, true], "height": 1.3229762981423137}]