[{"image_id": "029cf65713c547dfab71506002ace32c", "pose": [0.978137, -0.00961068, -0.207735, -1.03569, 0.207468, -0.0234227, 0.977961, -4.81314, -0.0142644, -0.999679, -0.020916, 1.80214, 0, 0, 0, 1], "included": true, "visible": [false, false, true, false, false, false, false, true, false, false, true, false, false, false, false, false, false, false, false, false, false, false, false, true, false, false, false, false, false, false, false, true, false, true, false, false, false, false, false, false, false, false, false, false, false, false, false, true, false, false, false, true, false, true, false, false, false, true, false, false, false, false, false, false, false, false, false, false, false, false, false, false, false, false, false, false, false, true, false, false, true, false, false, false], "unobstructed": [false, false, false, false, false, false, false, false], "height": 1.5090197451381073}, {"image_id": "4aa888362ced40ff8254064bdd3b51f8", "pose": [-0.277051, 0.033512, -0.96027, -2.17969, 0.960673, -0.00975901, -0.277508, -2.48854, -0.018671, -0.99939, -0.0294897, 1.78438, 0, 0, 0, 1], "included": true, "visible": [false, false, true, true, false, false, true, true, false, false, true, false, false, false, false, false, false, true, false, false, true, false, false, true, false, true, false, false, true, false, false, true, false, false, false, false, false, false, true, false, false, false, false, true, false, false, false, false, false, false, false, false, false, false, false, false, false, true, false, false, false, false, false, false, false, false, false, false, false, false, true, false, false, false, false, false, false, false, false, false, true, false, false, false], "unobstructed": [true, false, false, false, false, false, false, false], "height": 1.5102753475331108}, {"image_id": "029cf65713c547dfab71506002ace32c", "pose": [0.978137, -0.00961068, -0.207735, -1.03569, 0.207468, -0.0234227, 0.977961, -4.81314, -0.0142644, -0.999679, -0.020916, 1.80214, 0, 0, 0, 1], "included": true, "visible": [false, false, true, false, false, false, false, true, false, false, true, false, false, false, false, false, false, false, false, false, false, false, false, true, false, false, false, false, false, false, false, true, false, true, false, false, false, false, false, false, false, false, false, false, false, false, false, true, false, false, false, true, false, true, false, false, false, true, false, false, false, false, false, false, false, false, false, false, false, false, false, false, false, false, false, false, false, true, false, false, true, false, false, false], "unobstructed": [false, true, false, false, false, false, false, false], "height": 1.5090197451381073}, {"image_id": "273d144230a740888de22539802509ad", "pose": [-0.991056, 0.00958494, 0.133094, -2.2482, -0.132825, 0.0246536, -0.990833, -6.07448, -0.0127782, -0.99965, -0.0231594, 1.80202, 0, 0, 0, 1], "included": true, "visible": [false, false, false, true, false, false, true, false, false, false, false, false, false, false, false, false, false, false, true, false, true, false, false, false, false, false, false, false, false, false, false, false, false, false, false, false, false, false, true, false, false, true, false, false, false, false, false, true, false, false, false, true, false, false, false, false, false, true, false, false, false, false, false, false, false, false, false, true, true, false, true, false, false, false, false, false, false, false, false, false, true, false, false, false], "unobstructed": [false, false, true, false, false, false, false, false], "height": 1.5068736374018799}, {"image_id": "3c90780cab6b4495a89cbf1dac752255", "pose": [-0.904047, 0.00283914, 0.427422, -2.25118, -0.427243, -0.0356706, -0.903433, -6.84602, 0.0126816, -0.999359, 0.0334616, 1.64778, 0, 0, 0, 1], "included": true, "visible": [false, false, false, true, false, false, true, false, false, false, false, false, false, false, false, false, false, false, true, false, true, false, false, false, false, false, false, false, true, false, false, false, false, false, false, false, false, false, true, false, false, true, false, false, false, false, false, true, false, false, false, true, false, false, false, false, false, true, false, false, false, false, false, false, false, false, false, true, true, false, true, false, false, false, false, false, false, false, false, false, false, false, false, false], "unobstructed": [false, false, false, true, false, false, false, false], "height": 1.3480255759738144}, {"image_id": "32a001fd02e24ca88268228786d22bef", "pose": [-0.919446, 0.0032677, 0.3932, -2.27456, -0.392865, -0.0497211, -0.918251, -7.46626, 0.0165499, -0.998757, 0.0470004, 1.27563, 0, 0, 0, 1], "included": true, "visible": [false, false, false, true, false, false, true, false, false, false, false, false, false, false, false, false, false, false, true, false, false, false, false, false, false, false, false, false, true, false, false, false, false, false, false, false, false, false, true, false, false, true, false, false, false, false, false, true, false, false, false, false, false, false, false, false, false, true, false, false, false, false, false, false, false, false, false, true, true, false, true, false, false, false, false, false, false, false, false, false, true, false, false, false], "unobstructed": [false, false, false, false, true, false, false, false], "height": 1.3509770102083605}, {"image_id": "29a55ded3f094585a9bf7c8d2bf312be", "pose": [-0.919157, 0.000748843, 0.393888, -2.27779, -0.393601, -0.0399538, -0.918413, -8.05326, 0.0150497, -0.999201, 0.0370193, 0.919915, 0, 0, 0, 1], "included": true, "visible": [false, false, false, true, false, false, true, false, false, false, false, false, false, false, false, false, false, false, true, false, false, false, false, false, false, false, false, false, true, false, false, false, false, false, false, false, false, false, true, false, false, true, false, false, false, false, false, true, false, false, false, true, false, false, false, false, false, true, false, false, false, false, false, false, false, false, false, true, false, false, true, false, false, false, false, false, false, false, false, false, true, false, false, false], "unobstructed": [false, false, false, false, false, true, false, false], "height": 1.3625080328101904}, {"image_id": "321dba26c17b464f9623c86917babfeb", "pose": [0.290419, 0.0228309, 0.956627, -2.24547, -0.95687, -0.000848812, 0.290513, -9.85555, 0.00744484, -0.999739, 0.0216004, 0.890711, 0, 0, 0, 1], "included": true, "visible": [false, false, false, false, false, false, true, false, false, false, false, false, false, false, false, false, false, false, false, false, false, false, false, false, false, false, false, false, true, false, false, false, false, false, false, false, false, false, true, false, false, true, false, false, false, false, false, true, false, false, false, true, false, false, false, false, false, true, false, true, false, false, false, false, false, false, false, true, true, false, true, false, false, false, false, false, true, false, false, false, true, false, false, false], "unobstructed": [false, false, false, false, false, false, true, false], "height": 1.5252182414459625}, {"image_id": "7140795e44f5499d892c6f131e2ad951", "pose": [-0.249956, 0.033942, 0.967662, 0.537702, -0.968241, -0.0144809, -0.249598, -9.74995, 0.00554093, -0.999318, 0.0364843, 0.887139, 0, 0, 0, 1], "included": true, "visible": [false, false, false, true, false, false, true, false, false, false, false, false, false, false, false, false, false, false, false, false, false, false, false, false, false, false, false, false, false, false, false, false, false, false, false, false, false, false, false, false, false, false, false, false, false, false, false, false, false, false, false, false, false, false, false, false, false, false, false, false, false, false, false, false, false, false, false, false, false, false, false, false, false, false, false, false, true, false, false, false, false, false, false, false], "unobstructed": [false, false, false, false, false, false, false, true], "height": 1.5142370755270589}]