[{"image_id": "ff76dc630e20423dbb5ba8bc6d68d959", "pose": [-0.0832863, 0.00655703, 0.996504, -2.51243, -0.996354, -0.0191252, -0.0831478, -3.6104, 0.018513, -0.999796, 0.00812554, 1.53071, 0, 0, 0, 1], "included": true, "visible": [false, false, false, false, false, false, false, false, false, false, false, false, false, true, false, false, false, false, false, false, false, false, false, false, false, false, false, false, false, false, true, false, false, false, false, false, false, false, false, false, false, true, false], "unobstructed": [false, false, false, false, false, false, false], "height": 1.5703433902948098}, {"image_id": "03de84eb12c24a93bdfd88e46a6db25a", "pose": [0.857249, 0.0157263, 0.514663, -1.02477, -0.514378, -0.0189796, 0.857354, -3.7624, 0.0232509, -0.999696, -0.0081814, 1.54435, 0, 0, 0, 1], "included": true, "visible": [false, false, false, false, true, true, false, false, true, true, true, false, false, false, false, false, false, false, true, true, true, true, false, true, false, false, false, false, false, false, false, false, false, false, false, true, false, false, true, true, false, false, false], "unobstructed": [true, false, false, false, false, false], "height": 1.5554651677630877}, {"image_id": "478037d3df4945b0843b698889c50329", "pose": [-0.885419, -0.00907844, 0.464706, -0.400939, -0.464718, -0.00092121, -0.885459, -1.48691, 0.00846655, -0.999959, -0.0034037, 1.5316, 0, 0, 0, 1], "included": true, "visible": [false, false, false, false, true, true, false, false, true, false, true, false, false, true, false, false, false, false, true, true, false, true, false, true, false, false, false, false, false, false, false, false, false, false, false, true, false, false, true, true, false, false, false], "unobstructed": [false, true, false, false, false, false], "height": 1.5564644540809118}, {"image_id": "544fa9ed7d3d4980ba9bb370bc64b1ce", "pose": [-0.0344001, 0.00686199, -0.999385, 0.0251979, 0.999124, 0.0241197, -0.0342256, 0.153366, 0.0238699, -0.999686, -0.00768613, 1.54354, 0, 0, 0, 1], "included": true, "visible": [false, false, false, true, true, false, false, false, true, true, true, false, true, false, false, false, false, false, false, true, false, true, true, true, true, true, true, false, false, false, false, false, true, true, false, true, true, false, true, false, true, false, false], "unobstructed": [false, false, true, false, false, false], "height": 1.5571331062141653}, {"image_id": "cb327002f1024540bcf2248236985eb1", "pose": [-0.869409, -0.0287262, 0.493259, -1.62218, -0.493209, -0.00929826, -0.869862, 0.28876, 0.0295741, -0.999544, -0.00608447, 2.12451, 0, 0, 0, 1], "included": true, "visible": [false, false, false, true, true, false, false, false, false, false, false, false, true, false, false, false, false, false, false, false, false, false, true, false, false, true, true, false, false, false, false, false, true, false, false, true, true, false, true, true, true, false, false], "unobstructed": [false, false, false, true, false, false], "height": 1.5456130551063487}, {"image_id": "27b836b9ca24423082fa9ab6b330e4ab", "pose": [0.874622, 0.00253379, 0.484801, -2.99588, -0.484792, -0.00340492, 0.874624, 0.366233, 0.00386669, -0.999991, -0.00175009, 2.1793, 0, 0, 0, 1], "included": true, "visible": [false, false, true, true, true, false, false, false, false, false, false, false, false, false, false, false, false, false, false, false, false, false, true, false, false, true, true, false, false, false, false, false, true, true, false, true, true, false, false, true, true, false, false], "unobstructed": [false, false, false, false, true, false], "height": 1.6037815359902896}, {"image_id": "b0f531e065c54dabbc76b3046bcd930f", "pose": [-0.472951, -0.0041979, -0.881079, -6.00068, 0.881036, 0.00868015, -0.47297, 1.40957, 0.00963325, -0.999954, -0.00040723, 2.51963, 0, 0, 0, 1], "included": true, "visible": [false, true, false, true, true, false, false, false, false, false, false, false, true, false, false, false, false, false, false, false, false, false, false, false, false, true, true, false, false, true, false, false, false, true, false, true, false, false, false, false, false, false, true], "unobstructed": [false, false, false, false, false, true], "height": 1.5683010870793375}]