[{"image_id": "22fff6c74efb476592569c18718feb41", "pose": [0.99963, -0.000892411, -0.0271508, 1.85638, 0.0271426, -0.00841535, 0.999596, 8.41273, -0.00112026, -0.999964, -0.00838701, 1.42595, 0, 0, 0, 1], "included": true, "visible": [true, false, false, false, false, false, false, false, true, false, false, true, false, false, true, false, false, false, false, false, true, true, true, false, false, false, false, false, false, false, false, true, false, false, false, false, false, false, false, false, false, false, false, false, false, false, false, false, false, false, false, true, false, false, false, false, false, false], "unobstructed": [false, false, false, false, false], "height": 1.4253615553333059}, {"image_id": "087236543c9a4043a0a3d824b7eef95f", "pose": [-0.984813, -0.00417043, 0.173561, 1.86791, -0.17361, 0.0206341, -0.984598, 7.36226, 0.00052519, -0.999778, -0.0210438, 1.42534, 0, 0, 0, 1], "included": true, "visible": [false, false, false, false, false, false, false, false, true, false, false, true, false, false, false, false, false, false, false, false, true, true, true, false, false, false, false, false, false, false, false, true, false, false, false, true, false, false, false, false, false, false, false, false, false, false, false, false, false, false, false, true, false, false, false, false, false, false], "unobstructed": [true, false, false, false], "height": 1.4269065514307109}, {"image_id": "a38fc71b78d24fd2b80cfaaa8140a0de", "pose": [0.996467, -0.00190193, -0.0839518, 1.85896, 0.0839324, -0.0087336, 0.996433, 6.37385, -0.00262808, -0.99996, -0.00854211, 1.42295, 0, 0, 0, 1], "included": true, "visible": [true, false, false, false, false, false, false, false, true, false, false, true, false, false, false, false, false, false, false, false, true, true, false, false, false, false, false, false, false, false, false, true, false, false, false, true, false, false, false, false, false, false, false, false, false, false, false, false, false, false, false, true, false, false, false, false, false, false], "unobstructed": [false, true, false, false], "height": 1.4270582663174016}, {"image_id": "7fd32fb4686b47a29b435aa6564245d3", "pose": [-0.505857, -0.0321215, 0.862019, 1.81156, -0.862329, -0.00697674, -0.5063, 4.66185, 0.0222774, -0.999459, -0.024169, 1.41654, 0, 0, 0, 1], "included": true, "visible": [true, false, false, true, false, false, false, false, true, false, false, true, false, false, false, false, false, false, false, false, true, true, true, true, false, true, false, false, false, false, false, false, false, false, false, true, false, false, false, false, false, false, false, false, true, false, false, true, false, false, true, true, false, false, true, false, false, false], "unobstructed": [false, false, true, false], "height": 1.414737911301029}, {"image_id": "c8cff87761fa4a038cfb26a87369ecd4", "pose": [0.920284, 0.014751, -0.39097, 1.9396, 0.391177, -0.0156126, 0.920183, 3.06357, 0.00746977, -0.999769, -0.0201373, 1.42788, 0, 0, 0, 1], "included": true, "visible": [true, false, false, true, false, false, false, false, false, false, false, false, false, false, false, false, false, false, false, false, true, true, true, false, false, true, false, false, false, false, false, true, false, false, false, true, false, false, false, false, false, false, false, false, false, false, false, true, false, true, true, true, false, false, true, false, true, false], "unobstructed": [false, false, false, true], "height": 1.4305267447011365}]