[{"image_id": "a80acc2328154455965a8be4133dee71", "pose": [0.580252, 0.0134287, -0.814326, 1.60582, 0.814392, 0.000981352, 0.580315, 3.82143, 0.00859207, -0.999909, -0.0103667, 1.55381, 0, 0, 0, 1], "included": true, "visible": [false, false, true, false, true, false, false, false, false, false, false, true, false, false, false, true, false, false, false, false, true, false, false, false, false, false, false, false, false, false, false, false, false, false, false, false, true, false, false, false, false, true, false, false, false, false, false, true, false, false, false, false, false], "unobstructed": [false, false, false, false, false, false, false, false], "height": 1.5572806614151598}, {"image_id": "e1f88263b98d46909c3e00e9250b6a4b", "pose": [0.723594, 0.00447728, 0.690211, 3.88721, -0.690173, -0.0076217, 0.723604, 4.10875, 0.00850041, -0.999961, -0.00242477, 1.55956, 0, 0, 0, 1], "included": true, "visible": [true, true, true, false, true, false, false, false, false, false, true, true, false, false, false, true, false, false, false, true, false, false, true, false, false, false, true, false, false, false, false, false, false, false, false, false, true, false, false, false, false, false, false, false, false, false, false, true, false, false, false, false, false], "unobstructed": [true, false, false, false, false, false, false, false, false], "height": 1.5582001097422944}, {"image_id": "b8c7c025564d4c8391833236f4f782c0", "pose": [-0.858538, -0.00738249, -0.512696, 5.66928, 0.512665, 0.00575224, -0.858569, 4.21106, 0.00928758, -0.999956, -0.00115362, 1.56197, 0, 0, 0, 1], "included": true, "visible": [true, true, false, false, false, true, false, false, false, false, false, true, false, false, false, true, false, false, false, true, false, false, false, false, false, false, false, false, false, false, false, false, false, false, true, false, true, false, false, false, false, true, false, false, false, false, false, true, false, false, false, false, false], "unobstructed": [false, true, false, false, false, false, false, false, false], "height": 1.5582309771582998}, {"image_id": "e1f88263b98d46909c3e00e9250b6a4b", "pose": [0.723594, 0.00447728, 0.690211, 3.88721, -0.690173, -0.0076217, 0.723604, 4.10875, 0.00850041, -0.999961, -0.00242477, 1.55956, 0, 0, 0, 1], "included": true, "visible": [true, true, true, false, true, false, false, false, false, false, true, true, false, false, false, true, false, false, false, true, false, false, true, false, false, false, true, false, false, false, false, false, false, false, false, false, true, false, false, false, false, false, false, false, false, false, false, true, false, false, false, false, false], "unobstructed": [false, false, true, false, false, false, false, false, false], "height": 1.5582001097422944}, {"image_id": "a80acc2328154455965a8be4133dee71", "pose": [0.580252, 0.0134287, -0.814326, 1.60582, 0.814392, 0.000981352, 0.580315, 3.82143, 0.00859207, -0.999909, -0.0103667, 1.55381, 0, 0, 0, 1], "included": true, "visible": [false, false, true, false, true, false, false, false, false, false, false, true, false, false, false, true, false, false, false, false, true, false, false, false, false, false, false, false, false, false, false, false, false, false, false, false, true, false, false, false, false, true, false, false, false, false, false, true, false, false, false, false, false], "unobstructed": [false, false, false, true, false, false, false, false, false], "height": 1.5572806614151598}, {"image_id": "9b1e2472265c46989eb1c3911aa5971b", "pose": [0.980239, 0.0058336, 0.197729, 5.93278, -0.197718, -0.00244003, 0.980256, 2.37949, 0.00620093, -0.99998, -0.00123825, 1.55682, 0, 0, 0, 1], "included": true, "visible": [false, false, false, true, false, false, false, false, true, false, false, false, false, false, true, false, false, false, false, false, false, true, false, false, false, false, true, false, false, false, false, true, false, false, false, false, false, false, false, true, false, false, false, false, false, false, false, false, false, false, true, false, false], "unobstructed": [false, false, false, false, true, false, false, false, false], "height": 1.5499552146557336}, {"image_id": "de7a74588c2842e9ba391abb153a0257", "pose": [0.936184, 0.00272782, 0.351501, 7.57684, -0.351497, -0.00167714, 0.936187, 2.44477, 0.00314331, -0.999995, -0.000611142, 1.5603, 0, 0, 0, 1], "included": true, "visible": [false, false, false, true, false, false, false, false, false, false, false, false, false, false, true, false, false, false, false, false, true, true, false, false, false, false, true, false, false, false, false, true, false, false, false, false, false, false, false, false, true, false, false, false, false, false, false, false, false, false, true, false, false], "unobstructed": [false, false, false, false, false, true, false, false, false], "height": 1.556103423781391}, {"image_id": "6416ac70316f44d1ae7ec5a3029b1703", "pose": [0.796841, 0.00219211, 0.604186, 9.91017, -0.60418, -0.00257617, 0.796843, 2.42411, 0.0033033, -0.999994, -0.000728209, 1.55549, 0, 0, 0, 1], "included": true, "visible": [false, false, false, true, false, false, false, false, true, false, false, false, false, false, false, false, false, false, true, false, true, true, false, false, false, false, true, false, false, false, false, true, false, false, false, false, false, false, false, false, true, false, false, false, false, true, true, false, false, false, true, false, false], "unobstructed": [false, false, false, false, false, false, true, false, false], "height": 1.5504638648887963}, {"image_id": "487a4cc75db94e56aa4d1d35866736fc", "pose": [0.85003, 0.00860923, -0.526663, 12.4616, 0.526681, 0.000146587, 0.850063, 2.39022, 0.00739563, -0.999963, -0.00440956, 1.55895, 0, 0, 0, 1], "included": true, "visible": [false, false, false, true, false, false, false, false, true, false, false, false, false, false, true, false, false, false, true, false, true, false, false, true, false, true, true, false, false, false, true, true, false, false, false, false, false, false, false, false, false, false, false, true, false, false, true, false, false, false, true, false, false], "unobstructed": [false, false, false, false, false, false, false, true, false], "height": 1.5533162392943451}, {"image_id": "b5f873817a0b4b60b8447e96b0b4e955", "pose": [0.997117, 0.00293207, 0.0758246, 12.5761, -0.075827, 0.000713693, 0.997121, 4.27015, 0.00286956, -0.999995, 0.000934117, 1.55497, 0, 0, 0, 1], "included": true, "visible": [false, false, false, false, false, false, true, false, false, true, false, false, false, true, false, false, false, false, true, false, false, true, false, false, false, true, false, false, false, false, false, false, false, false, false, false, false, false, false, false, false, false, false, true, false, false, false, false, true, false, false, true, false], "unobstructed": [false, false, false, false, false, false, false, false, true], "height": 1.5523927478580184}]